3714789252
85114590
730344214056284161
14293310
16188661
2521147680
3914047581
530935695
345402650
1150005829
3430537311
4352470153
3909746429
874662385
701539075208011776
1125953346
711667732656168960
2396020078
48428789
248275148
50831585
343963304
4508748797
15250162
26832339
1213972514
4039099932
16155881
2318719317
509797735
4928667707
804883120193466368
30534986
451491354
4715804222
385064598
71609345
2151831962
4042965143
719391704
341862419
161649196
775298638348115968
1548183698
38947867
23840242
4749272904
254117355
3167493495
467012970
134600007
3959215155
885721369
145845797
53664305
932973098
913212678
91180720
227438020
3914229792
15069354
118080620
915673998
176395807
89761143
2597697199
40173650
270973788
15281435
169208324
715717693714763777
1911043860
513734380
177410033
11324652
4129147770
104874562
20274806
161197094
799264962
14549541
827797573
4854732196
856490520
787011646539661320
74476959
97492736
45511031
760115421387169794
4877092403
59838665
304278655
1462741146
66775406
1488495162
179245596
2315896393
756897157807038464
597056859
22703645
198265466
2514590727
70477603
193158134
2898704970
3055008884
532844046
723193361817948160
320999960
19118291
1040035627
17980523
2459121330
3317945875
1183139779
282695161
3179662599
500205853
19744645
2351061389
2235033216
714804963495444480
3305807583
47975734
801877229315756032
23355352
17561562
701531343721799680
429227921
430084739
2312902755
775733745470935040
33310366
56811035
4578923921
2876296416
17629860
104990272
3269474665
398435953
365444293
23989856
48638828
3403262584
3281178223
619614406
24545546
793928059560656897
4611892647
763127590932602880
36932536
474066334
27491396
3325053703
358545917
806781084750876675
700476702040788993
13850422
28511074
3233511
41427918
796825952508473344
3419294291
16099749
50094643
782278385812799488
4827698474
819536957189607424
2199355288
824057217867362304
797942683436220416
4068383237
2405138402
107225267
469022809
530923847
761533655848222720
798066001824849920
281519746
18916432
4885174706
20715638
2253532303
19380916
765382188787437568
275690545
1007288292
4883801255
908203088
46315077
2294472116
799754264272744448
2204151218
2523016759
383523420
753738680351600640
922400370
765558559480356864
247530626
2790329683
66685550
481857885
134240162
2802616144
331153137
2362802930
4306263074
777913524269953024
17257950
265187672
29609843
3031280176
783207625324318720
874859443
1957741681
578525346
3325439054
13568282
37764422
758789247306313729
280326048
796411352076066816
634515489
4749697212
739852455739957253
2858724704
256903879
24702075
180542862
20287322
15846407
783695717281988608
3365144177
1421384396
1006223461
629369330
201432865
91455048
1308509430
782205740651909120
766273862
2213157290
2417844248
1375289149
4835421670
2376638986
536542073
167924087
780515514221068288
739994610798202881
472653307
729122378
1885772240
79104408
756972321777344512
1071777608
18956073
95009868
14839147
216776631
28785486
510609255
246873936
16815644
1694109350
2300551194
159065451
3057954007
1322744570
751188566646992897
3012968397
2975367351
247921903
38016930
731177262641385472
80617430
210643324
562349265
103316756
76937426
283680660
4530555202
279217447
55285804
3071765029
88991844
732980827
31990747
257976104
279334833
394796986
234789656
1909349292
2887465954
886169604
40773807
445998185
32641831
2488963134
1097105120
312800783
769941491657547776
2262535247
2882244369
721907261547749376
4448640493
3312921522
2147940818
3265487640
46168593
235798860
318136173
1222028304
35129976
552241380
2302191793
164108194
632448453
15195539
2378914268
268809577
210931719
780574247357812737
794699195634642944
421081811
24925840
17163752
60931748
238304539
274207288
237471615
3353553238
772028642360569857
42656372
3232977036
1631841212
41612682
17112868
19951176
1319451919
2150927341
3060695288
3061311382
249442064
326839038
2412051059
35406114
493390391
755793525615136768
342737639
4428047453
56569304
17966463
458709872
1953192330
26900055
4906718786
20909037
222386447
2927103282
1339835893
167072281
2348158603
9567972
329954688
108751302
975200486
790717488
3309841026
3558028035
718274256036106240
747636020
33978796
1706107621
1035115242
2149994774
19750159
765180716804104192
21965432
891577944
784760554560839684
32497478
3266700752
3997346243
1911610303
3673801346
4786763677
63761348
19747572
24516301
3318042248
783050646866038784
1155757698
346758295
24688850
69004966
147248694
21972530
4763838026
4731588974
1242171468
299693451
1450138278
780136355854561280
229470916
4260246673
184897616
803320904411267072
60815392
782471670539747328
2424069487
28107703
327994948
14669951
97989357
130496027
561614650
249690709
822215679726100480
3674835372
1889854964
161319475
111642101
2795458499
16974310
792100041733308416
58925278
789851940033327105
375885941
2941215106
114727423
73654065
35786732
1911713234
552153447
19412308
3450394820
476193064
2505330512
1365840828
1528072561
620571475
730448238998786048
714966912237756416
4748579370
100270267
41919763
81275807
711215011046105088
85131054
132339474
2844479116
531375704
2490933968
513316414
754485975896592384
2879850911
11856892
809571952692183041
2321041248
16163639
282261125
67891277
55976150
780829149950726144
3538733835
347025569
252596668
2984727962
17848133
1367996418
91010436
1071037513
108709348
19997235
3243328102
16710420
59331128
3223152697
186137548
556247745
812079905429225472
705435690021027841
79291680
713476277706031105
319905871
52655516
781250109556289536
40616386
2899880188
783501276495523840
2907551575
707209121855086593
21111896
223970563
130203314
526147690
1250379720
733866462796877824
764287646990475264
726685916090126336
419782079
3404096482
28119472
95066166
30254642
88550047
786393623151648768
760234004368896000
2563516510
340786611
590441926
759163746564669440
197111814
36349655
330373787
202750031
29530235
1336027442
781205906583203842
785942977138917376
510679846
79846109
796831316176240641
3332440414
75436954
3090939294
2178421679
914780798
882784867
46681100
34755858
742716154364497920
2381651778
1909828574
2279807934
16989178
237845487
1734086719
805241216
920219473
126145604
821928276641710081
251754138
88458875
46746326
779104195
883500955
46275679
18324068
329231537
1283670948
14116807
265500719
930556002
824157
2337160702
70874746
4808066595
557335202
194855672
15466017
57054950
818153619274993665
3197771592
2906263767
36665547
363332278
3308946410
3331044929
709479371380097024
311511470
73781866
283596167
262856460
2461538374
111556423
2402275670
118056668
3509784732
3248349859
57042327
464133380
2884771
33114142
521928012
365168112
158414847
2955157787
922442124
12133382
61776145
1599562578
186646579
3062785050
220824049
2443243128
99095270
182503471
2561555594
550987205
592730371
4345685308
2382679416
1332367184
23997794
1367955294
120234291
11856032
2802845137
18363255
782275352831860736
3017581041
797523047930544128
2804044016
17735945
564213018
1446308850
345878117
48552092
90028390
733751245
4218742998
17202594
595827420
36054492
303791619
2710469437
147202461
2608484690
16686144
297532865
729866734815993856
500444558
2423655841
4155721936
1851304818
706734903824670720
811038191494918144
9300262
740300003885735936
759391480939249664
37362374
2417586104
798623595526230017
77578572
497027171
412690073
343396600
4098447160
73181712
33450656
2097571
816641287
753281103608381442
2332811594
437997389
791264221824704512
64637578
17687565
870585560
28569011
703380038561964032
976048075
74841347
797250295122235393
264935205
23970102
792054519907643392
500805074
758352751
4253867173
24677438
1267948406
325702746
36511832
2459340000
131497030
37095245
4720357461
202766626
264376821
2424564421
229896432
531476360
797863607014932480
528056415
15441965
2821881229
3038933527
24841259
67418441
803856074
1642971589
705814755869470720
386714260
2190828416
853185504
711645724350349312
44135635
757616784
421344061
37841963
178005137
4188671596
310318460
1697696533
78330077
17027632
358440442
531678337
3749624055
725076888561979393
3877226181
774641282899582976
380503255
2557313107
789745892
3234781559
14101544
2241717492
784410571638657024
3399692344
22953032
796598088634863617
784808665509457921
3037249865
27114485
109065990
4576799353
2777995764
552939237
783781681433944066
3093970392
3003883030
1697365488
31756169
1014112722
1185482084
260294326
488060497
3226766840
25101996
3534121456
707894174008401921
42531027
333631672
4197645318
1232124529
518347621
852111510
1652541
243799119
714162987431538692
25508228
758626026050228224
24569396
48120914
1032470923
756923875867242497
3242858430
16140387
31151295
3517835113
15621026
1612001484
10228272
787836847162531842
2500792297
2881583811
2477247030
573649780
289762786
69483012
2955091368
3284259378
14957147
814122736008253440
54560384
89949423
159583068
726484313672392704
136332449
784780976912162816
21785215
727465726810968064
160091538
3295715749
15012486
1880248207
20776147
1512098724
402119037
274736684
1135993442
395961182
80196616
18545481
96368753
1020763850
277769074
704041886089084928
49800332
1458612992
15111062
706886124615020544
146706066
28837597
1251475249
3006597155
240786850
473528903
3131253213
1719678079
29269540
320267399
19953165
483133119
4157381963
635608354
4549068679
18536009
189531473
30760896
23103690
2569680516
4821920832
2582736318
342887079
202924368
707903614849830912
793200858208931840
19314238
2516924637
61577412
272559329
19400611
702307014
452471922
794750862279069696
2484544347
928618363
2958091627
3973611433
706189937528303616
813286
44002861
173197968
129037428
3331835352
1932204139
41849649
3308822353
132918716
8839632
3845857817
3221357514
4397021841
28358777
443790460
1529296482
253681573
4188415121
2797008744
15291089
17829602
628704394
3077906014
4850143843
2688447392
96650660
3202808548
2494567016
4849995469
796771157622001664
16190478
421611727
757935625114783746
18320938
53867581
3306265337
143104075
858703718
409354503
375602531
3402737002
251457973
756303686175891456
130617778
531211626
3731667975
1840174130
2660869345
22407018
940368062
2729691812
36614975
1211552317
3161660191
14505245
517758708
703104758765084674
818927131883356161
789300582435565570
39344374
15513604
4896177359
564648532
1118782550
2151584808
785558681521758208
2155949312
753727262634246145
3267790106
2330881664
28910203
75453517
159122016
1389464876
789944111654539264
809719260
220053608
2908170952
15606793
3022862503
572265354
383546124
2233463637
385192329
15976697
741883365599547393
2774594252
704427759804624896
4851185832
91712665
23232204
217628644
788524
816109730708029441
207960838
743181738801762308
770781940341288960
32772575
706665518044999681
299802277
932952324
303557426
20544048
3766254975
305877707
15416505
14448017
3485382014
3320545346
3114654839
3498448812
205425209
1705884792
2292880440
144878180
108471631
742749379623165955
349832208
3184671876
52758609
27303015
3782134094
4315617796
27744185
335868637
969375810
41830267
525726943
5402612
137838706
780583961957314560
702628810483765249
772459109681471488
3300201601
4627890312
22816941
2816931336
3400783660
4385782960
1496571493
56898928
708362799907512321
81188804
386368292
501567221
574017058
3192605996
2475744915
1643519804
776188020835905536
4627221853
14529929
33659553
166216613
785960947831537664
214998879
3882227718
53725816
845688781
784154967967838208
313038011
1524857611
1710212232
198414791
822225433
17968063
4851493023
1357135723
233385720
15748766
760096466782212097
4301396186
3106208237
146310758
606681626
990125064
2361050455
531659443
18903953
785870101
20517889
729676086632656900
3884988372
19021489
799542559
1345006837
3308047830
711653083529551873
229732637
17672813
480118170
2541890320
17642747
239963656
1851322364
2919009327
246155011
715362916229259266
61232244
21002366
784447353273012224
18792744
2546509795
136284056
3112276063
3302766727
2191491336
731873491755126785
2734702156
719649555051102208
461409282
3410891445
485345534
2931232017
2976801226
476252416
3108028516
36471436
35211401
138141495
118845216
46760929
403211452
22771961
18124830
1447527278
3677742792
457984599
604545802
5392522
3320721216
1712386268
102568724
796964364209233920
789285135397036032
471672239
747831888769736705
72194390
1614139699
249458442
16810118
47253057
99823810
322879013
127175879
1369986619
1068499243
1308707533
69109806
742096633463115776
3400859474
275450877
377779515
157034798
4727891668
21146043
88689345
743923398
767489782213701634
86129724
168667405
17924881
15458694
42318346
2440059511
41144449
2753220014
727875272700248064
124490608
436303189
2912052396
2801177472
189434508
723539075697926144
747803951492374528
564910159
55829777
3380533895
280543152
243371187
705425662304247808
1917731
2247787315
2920659436
2707571696
746008255567015936
759801671643910144
3425213511
97739866
756183832173445120
186587664
2547283860
37238438
808113580637704193
3249267995
18382184
1355920783
38863786
2749640440
2916106687
786625037151277056
19426551
17800215
328878936
23281108
596329092
711266287
706571272319344643
1548207565
251878368
2480534597
19087651
3124879097
7309052
10252962
58004728
2312876293
591041659
98956941
4531597213
281610530
3205709075
1610022938
3421615450
169209651
2743422475
48230664
15712057
108465379
706172170301407233
491272386
787589187247697920
787499324481662984
2590239104
20479813
67769151
14744202
732201142780710913
73303753
2842515949
20389813
393382745
2575751606
737449307926847493
15985455
38664653
3271255423
1367531
3108351
345401648
2906585239
937839451
808163215
428290762
65812029
313750447
25723570
116265605
363281861
579957669
119550386
734517100530765824
528056773
15772453
4459860733
547089105
1478981750
856823485
763765398537900033
3507746300
237348797
72042051
591519096
866992398
814969529466056705
4064331736
507597672
168531961
414826904
718908444
50769180
4105765714
35218566
80363721
4758163046
2747676402
1393297200
710661901261221888
836936016904716288
114547606
22322251
20732140
99046424
3104545022
68889823
484285034
23217907
3288945999
42410275
794401550
4716475529
550487203
84011041
157551593
814220752987844609
570816898
63291287
18336239
269854728
365110972
2284006204
494344928
4649106135
823618903
3438116309
785301925457760256
3070655398
710088641243123712
3839070432
2851686730
720471341233790976
3167923560
325385270
395491775
788779842183585792
1279745744
17605064
3117682243
20710399
747906100905680896
123521611
759224582003888128
19863261
1448332729
113430220
531407167
769264223306121217
2458410882
17292498
4007031856
709196385594126336
721737068322271232
474459576
14134146
67052442
1365133898
2185554632
808404453133058048
26487169
767870812502183937
4884428062
20733972
616043011
757709658555490305
713768020284301312
22368964
23022687
534473980
807095
821799509017640960
22203756
522790836
3538586536
3013702086
715273665823293442
320252434
3031294189
69391389
743869197273292800
190939080
2860925230
25026363
58899730
15703283
7587032
3030545658
148842579
37334399
26089178
1475687646
556111870
1466220247
131048945
2767657664
2534165653
4049625075
157851432
3197821518
595009255
889801698
1697840138
614138502
2888734385
733831302
4459914972
550161898
935605250
32918169
51820424
184997953
429994175
310548781
151633598
489071292
2738491026
380285402
20312809
32394756
2884962678
3222839432
18812572
83487731
1020058453
53698412
27274942
1323769675
526838156
22237401
61231226
196168350
2883458831
745210315
1423825207
75400946
488803791
65678753
2792290643
291121786
2556325991
23362545
38284349
764208276
930575720
702259658199666688
3436127559
73290704
526639885
14515799
816648793
213092432
993451813
467726691
15442036
3763577115
18643437
3384010133
66019768
3171549289
746235225169006592
63243592
194628809
3304021160
1945668452
2874567659
218479755
966852380
784763664075149312
307314831
318711287
215589480
278297689
4834923616
19432346
966358014
15273001
381419034
152720466
19211550
9616062
4836929488
23727080
795413774811312128
116316207
438741589
2252163905
27404671
18256467
3553395493
15700350
317652514
16623514
102237770
36194167
759081003168112640
54713672
711708284827406336
168096695
47687096
796310267210723328
64279537
4451225532
15832910
25907240
100845380
3065327994
16321455
2175218486
14377605
535879177
194608309
292929271
2444383308
899281622
4530031518
855532044
7910732
1633043419
3015129113
32500911
1355929668
33170847
704303044662439936
2299826742
36618079
60426701
474818617
94260950
760250728162078724
4807953266
140191846
213761225
21537009
586724399
759251
31999788
3312926479
2927024509
738721186826178563
749305632600141824
796198687882039296
31257236
712905185778135042
174534175
1296557060
19805053
2373340329
1209181404
119099353
388027679
122207745
1918263128
3310728566
379767285
51098842
29442313
487999907
43052896
1455286956
872786449
517188455
751214924
757731953281904640
1678939038
1260890918
2330994686
14230524
538683858
703701473855721472
788792685356253185
20092071
2649173504
710220129259409415
3430472675
2173230106
804406151957848065
1314250814
3309169489
266894776
408882844
761413374416683008
3676047863
73436908
2751254297
738509183952113664
2716654852
751552860303683584
2264348486
4396918036
826163564
348667672
2273534167
738469772770168832
30739842
3472785196
83312898
3253125358
52136185
219867331
52658734
438213306
4289460455
249913115
188095601
21430553
1424613612
3580248555
729309883741315074
792858787430273024
2918854866
4660013206
3981011358
780085194317557760
2769315279
8795772
2843980425
530939634
1250584963
3193691988
1954759951
72089435
3111684488
482351928
15220768
725444264449073152
20724439
34033070
200691766
19017675
337856162
738073831600885761
754286796201086976
33745193
3401065107
36313598
3178558838
1455890449
64511469
501459864
33410754
262695528
2474056040
529959846
2379430261
25073877
55248808
33436115
772373105201340416
3308254063
3092840974
35773039
17468666
785879686203187200
136080402
318114180
2545326607
524609349
2692843108
47285504
816806669250269185
770540354
824328062
14412533
219365189
4568989032
14511951
27437359
757663074
1299769218
172032623
45123759
253138129
320848710
774622114729041920
14173315
378525804
237283136
279234400
1390287613
525954482
746939863547641857
761957700297195520
56413858
803814748764540928
751779758946549760
33249466
20942763
1219415456
1283858198
17934812
612400931
193160214
728782203706953735
210186050
774189454571503616
415974150
3002000970
15292715
15992392
43834885
474054440
701581697679110145
3061683608
72325404
708752278765899777
757521332
800745527402893313
4864171883
767430413258153984
2346152484
3315464599
505394902
4510755552
368120569
4809716843
3313075368
330667582
4870881870
798744123385806849
71840302
26585095
708458185494040576
991910209
594565041
3884130733
734916566882521088
3420965393
462370197
3797043261
2158000429
767938862534553600
18005085
3408036279
64967531
31759781
54771958
3028834210
166254607
14934964
31239408
2502173072
22047070
67765647
1210332085
601090248
17919393
484801775
180042739
18087749
707771806480924672
1950370597
2262620679
4431568114
764845383319158786
19173608
826587378
259568690
1605082915
1355433163
1036513381
4851007693
16963034
2979304175
176406752
262732844
34991028
43277789
15207668
343393456
772468329000960004
28534205
763389892059463680
2350568316
26447410
2828213584
733212700659093504
165796595
793194936267145216
23857408
428333
1633332583
2210025992
48256173
1426710036
91882544
466135293
16012783
526967433
930431917
78714922
565112744
735621525936562176
4481114002
22508473
2832742492
330072048
36890646
772651829565923328
72891097
75405585
585988065
1860953034
531629847
136300373
748811526652342276
66888939
350215876
617301201
763941016470589440
16326882
2764242773
138214798
156636361
4001155055
896258742
124631538
794341422174334976
3955288893
2229626686
44114618
23482952
619340149
408198881
89258328
3282583820
898975153
26752690
55100779
2898661221
4224245248
5950272
49903556
17481417
18510860
2365144826
1941901813
15537302
347696176
3069216826
3100971154
4196528835
758307367306100740
819237538279854081
25924436
32993293
263330063
389486216
3070209746
921463050
301672091
75811600
150653567
260887591
776589389434613760
3405070143
20197657
782790943267323904
167107711
3612731472
784761251150692357
284210345
627762974
188807646
793148571390476289
28954941
417265667
782310190431346688
441376916
3300814913
51241574
378680491
954124423
3295710225
2893105286
3819608294
3048591134
781707318295748608
188215961
715044396
773577626950758400
39349894
237730551
506320602
817882305549242369
811462749897236482
808593274365562884
2887434430
555581996
751814461690900480
734586318517370881
15956846
1558202438
813970778282725377
333040588
24529599
1673508644
575727529
784877239787589633
1904877506
40140509
291408828
18568363
725837046
587781450
15731368
1902400610
162841137
707262499066785793
717067248284729344
1646044446
964958262
58550415
21258337
233734001
767211983183544320
2718205451
2796958821
539721796
48828637
41778159
2525675331
2755429755
2242954477
534667698
89476066
25593846
47657632
264765282
3174590074
16139649
2966390447
727327692
1362065839
533400318
77315028
2960772875
717471446595796993
34643610
796481965704802305
104310036
78489448
803693995335487488
18771382
45049873
4496706159
368720279
14791358
89680611
3094575918
384906278
765897068439306240
93069110
3143511569
2998441830
28269648
82530769
529573545
621400341
833376858
19212059
365627246
794892349138608128
747883651
14145006
2475879654
60785401
105939126
14800149
34930886
930881228
567626521
1188145430
1549532077
755929956647968768
15276283
234466998
4507121909
3302522856
720911684
2836421
785238787617988609
818851053965869060
36689983
67513913
3216036994
3867589821
2448135692
59171389
246500501
898679894
281685471
628653501
2620187280
711369647598141440
787281956769828864
468752441
3124986791
580097412
3294546230
24390986
4444519815
796271442832879616
305362533
119902357
124557619
378889645
1543986138
1904362783
795100905968386048
3028974489
758694916268564481
780398943452618752
796768483996475392
87772423
405617871
792709261759512576
736547133445136384
15754281
15358651
107733311
155728591
759204125229912064
558360059
95717760
2462505022
32209349
2188675351
4721359111
716794620613500929
18205127
187995023
733840794746900481
318887803
1209936918
961172101
151585739
3251226162
750776657523408896
4865886784
334784172
228736760
374102346
3497865853
19571797
26178161
18536597
356324005
53503202
410399203
790212813700657152
2750111498
355712809
584350121
117830399
785695919958134784
200555243
47333618
3122799060
1536791610
3799846158
87562484
123271149
22292787
311777508
781158305712500737
482188855
22789952
3170692550
358916954
242618658
2783573437
73208930
138536728
20713061
430925630
466188223
55686855
3309270416
2718347636
3886275382
220240498
781228438413803520
217415964
15438913
885698071
2927282011
756950883213148160
3121242095
1581128899
782186200849231872
769217927614697472
253213841
158200959
229619563
70308625
3081658941
30313925
120185934
88799435
69032114
1326005070
49424542
347627434
15446531
1706388121
26329311
78523300
19568591
122189801
203958453
788513507998183424
2440607372
1379288282
3385176093
45183629
38950663
123736818
1357216692
3219740900
706887538263203840
38495835
2361224263
2863652613
458542982
1864438328
2878502178
1335801494
702278767901806592
23080067
4912885600
154397666
1069185114
14606290
1578095880
1859409636
2295011677
926991108
245842445
2804920434
712634960281223168
712340223590420480
1310305866
753577777257820160
438848563
750134272661467136
3254524106
193325357
3995778614
2206280539
916084236
740700655833079809
772498983201550336
742683142608310272
376226841
11134252
23433605
431243129
132211150
796561703215529984
191811584
22952132
3074371177
134971995
2892113915
3041545491
2802047430
94818581
822496338583486464
2914539832
703332764733538304
464400250
21424216
148908323
158060289
2783556584
28509393
81577736
247432690
23176276
794769772202393601
48866739
1551604218
3360131914
64006605
503585510
4252103834
527045624
357920064
43132328
85368735
40407057
1247820060
44951059
4797380067
26260537
21091983
777882326734925824
286374555
236089410
357090691
47718238
3908344585
41634520
2974905669
169203819
889171842
257289052
14667128
14344823
2793210591
2467791
19378287
27285591
185505217
713118905431105536
1710236952
760557014900678656
54385024
3487606421
28618323
2353937130
800925944
97517291
1634019780
7313362
19348078
759164325827219457
727287712957497344
374331041
2424555062
200205177
776140137637879808
3181140627
705223032139345920
797704698992029696
822236245
738708627389743107
745065610250444809
2163306930
777909664188997638
61313593
81701049
520439044
1449444157
29458079
92102012
211334140
757598133882916864
139187924
3424257933
487769182
228118184
176909116
4637069357
2389580844
4739845481
733074254866976769
3157953149
39308549
146659588
85868343
195849233
56079107
763868018661138432
34822048
129019194
3642572538
754740260366606337
3323864375
152102546
15749227
1164705565
1337808126
167603204
34430740
889982376
237403203
1898016314
2667514699
3631556593
21976456
1408003598
15691612
4897039492
261255813
715178668595683328
794524384111136768
210157320
577542778
3137331
742143
2256975621
16117033
93512107
411945455
26477112
4886730322
2386014535
506399081
776605869987409921
787240838250262528
725124041024110592
1565520805
281551999
2994253312
587456579
314722934
53486967
44660804
759884080640958464
73103223
18512153
3686380401
819517565101862912
30561797
770650729895727104
2313204826
3370804054
5988062
762284686349574144
29216764
212569651
1404014400
185906955
5695632
713383887754235905
37191162
236026761
71337419
15072741
785270768456216576
1249982359
704456321345703937
797982486294827009
522498774
725009083
46885459
1865621094
3013299916
3608463552
4859290759
782444912448933888
2334312147
164387354
117304641
1439177893
42887615
60618660
66099018
30924291
2469848542
723217917450588164
34453466
15164565
524576435
2188423838
43203630
1557888104
66837106
154342251
15764644
3302313572
22089153
100363260
761207175922520064
3112345673
2900571793
467221718
40924038
714235834463981568
702147673651027968
209990420
714908382725996546
25429371
784814872009838592
893110278
1637977830
756531416720998400
51221938
2387884148
25056367
36741893
201817316
787016084587180032
2904670939
225265639
729022640313106432
789649216469479424
16790718
928506404
473103932
326849708
704257562452086784
164269738
183657109
137479625
45914269
14576841
16129920
120965844
885581376
3400009402
784523868694253569
18190205
23320177
752065734956707840
1699487874
965041794
312149882
473777801
2154214074
19615940
306859494
110445334
801168552
4925297555
439470064
138388479
17727106
3621958574
16664681
532438266
1682127457
732579311857860609
2230256263
872618270
22677397
1216957902
